timestamp	u1	u2	u3
0.0	1.0	0.0	0.0
0.01544134880842724	0.9998713346058864	0.00012702475669787246	1.640637415739263e-6
0.04480299124875294	0.9996268132128066	0.0003596647028359487	1.3522084357456325e-5
0.08049501634526159	0.9993300121286314	0.0006274447124391594	4.254315892939254e-5
0.1244804613585835	0.9989652919481256	0.0009361119556585005	9.859609621585478e-5
0.17532055720153125	0.9985457485004338	0.0012655875335089708	0.0001886639660571274
0.23335689834459436	0.9980702530707559	0.0016088390185887457	0.0003209079106551709
0.2977164034804008	0.9975482158079931	0.001952284476816445	0.0004994997151902795
0.3681798397004591	0.9969841546415565	0.0022879981580777396	0.0007278472003656077
0.4441820733174342	0.9963857545545907	0.0026081007469805945	0.0010061446984286505
0.5254278733742843	0.995758792872024	0.0029078229781141266	0.0013333841498617883
0.6115692180206184	0.9951096100361051	0.0031837527221323164	0.001706637241762468
0.7023995713911099	0.9944435164183503	0.0034342958661240435	0.0021221877155255995
0.7977449074397616	0.9937655763283789	0.0036589555233085443	0.002575468148312492
0.8975220041857292	0.9930801475447155	0.0038582081236606387	0.0030616443316238235
1.0016991557696178	0.9923911621251522	0.004033140857237883	0.0035756970176099036
1.1103108887601174	0.9917020346103558	0.0041852766525076485	0.004112688737136591
1.2234443224014215	0.99101577923709	0.004316384676503741	0.004667836086406205
1.3412422856259787	0.9903350232695924	0.0044283616353936826	0.005236615095013871
1.4638991200614353	0.9896620736826225	0.00452313464411105	0.005814791673266423
1.5916624835989812	0.9889989516575723	0.004602597376017611	0.0063984509664099885
1.7248342703048698	0.9883474367310363	0.004668564664768693	0.006983998604194945
1.8637746345025903	0.987709098361791	0.004722744009690635	0.007568157628518288
2.0089074504597026	0.9870853258651445	0.004766718197824832	0.008147955937030547
2.160728524376142	0.9864773522507304	0.004801936466603602	0.008720711282665862
2.3198168090398568	0.9858862742240231	0.004829711586314728	0.00928401418966207
2.486849807530075	0.985313067652633	0.004851221161550531	0.009835711185816292
2.662624323488507	0.9847585997922368	0.0048675117928528135	0.010373888414910253
2.848084915661074	0.984223637596981	0.004879505204912515	0.010896857198106381
3.044363131689284	0.983708852881219	0.0048880056374188	0.011403141481362065
3.252832277772413	0.9832148249548394	0.004893708022398634	0.011891467022761849
3.475183895056549	0.9827420439540471	0.004897206606056227	0.01236074943989651
3.7135301789953328	0.982290927376881	0.00489900381205287	0.012810068811066042
3.9705162970069106	0.9818618935121671	0.004899519398699449	0.013238587089133275
4.249311731666712	0.9814556544667855	0.0048991007242872395	0.013645244808927084
4.552865310576438	0.9810742437562884	0.004898037569625698	0.01402771867408577
4.880898534597513	0.9807233376195748	0.004896587945866472	0.014380074434558581
5.227603924792437	0.9804111095844731	0.004894989986392689	0.014693900429134014
5.588677820729215	0.9801397116853702	0.004893412133991839	0.014966876180637736
5.9632255268847	0.9799064307312078	0.004891944510460953	0.015201624758331055
6.351216581390206	0.9797075761087328	0.004890629524257332	0.015401794367009577
6.753235073911016	0.979539218938061	0.004889480330007555	0.015571300731931238
7.1700690143051276	0.9793976379252535	0.0048884942185083114	0.01571386785623799
7.602749160643478	0.9792793736118602	0.004887659947167631	0.015832966440971957
8.052458846226187	0.9791812868492842	0.004886962484308094	0.01593175066640752
8.520559082260789	0.9791005492708564	0.004886385563451758	0.01601306516569156
9.008576775861172	0.9790346348698787	0.0048859131623146665	0.016079451967806357
9.518230973156303	0.9789812990070743	0.004885530235010201	0.016133170757915236
10.051453416982872	0.9789385585534579	0.004885223063061229	0.016176218383480608
10.610425781264272	0.978904670877933	0.004884979373535664	0.016210349748531125
11.197622216720061	0.9788781141085334	0.004884788339898352	0.016237097551567995
11.815865253015165	0.9788575681471476	0.004884640518989342	0.016257791333862747
12.468394280412877	0.9788418967124566	0.0048845277584947415	0.016273575529048383
13.158951625953677	0.9788301302205873	0.004884443091402927	0.016285426688009523
13.891890848893505	0.9788214494457498	0.004884380626584749	0.016294169927665234
14.672314904399128	0.9788151698899414	0.004884335439927665	0.016300494670130665
15.506253332537625	0.978810726841157	0.004884303468336258	0.016304969690506516
16.400893556380264	0.9788076611033306	0.004884281407652669	0.016308057489016477
17.364885174140216	0.9788056054254003	0.004884266615229207	0.01631012795937021
18.408747322502155	0.9788042716574966	0.004884257017585349	0.01631147132491775
19.54542694100507	0.9788034386834422	0.004884251023597204	0.016312310292960347
20.791130958776243	0.9788029411796003	0.004884247443615096	0.016312811376784357
22.16630104758661	0.978802659349116	0.004884245415594375	0.016313095235289343
23.69735886868506	0.9788025094894321	0.004884244337220809	0.01631324617334676
25.41901924425463	0.978802435704798	0.004884243806274815	0.016313320488926884
27.377984912932217	0.9788024026688132	0.0048842435685515434	0.01631335376263483
29.6388230685937	0.9788023895434574	0.004884243474102941	0.01631336698243925
32.29354895484347	0.9788023850710195	0.0048842434419197195	0.016313371487060496
35.47853229202618	0.9788023838254587	0.004884243432955791	0.016313372741585137
39.40419795407694	0.9788023835604146	0.0048842434309867774	0.016313373008598198
44.4095584881983	0.9788023835130276	0.004884243413214138	0.01631337307375786
48.502142691237836	0.9788023829374983	0.004884242099363011	0.016313374963138318
50.50097912362705	0.978802383094384	0.004884242464972024	0.016313374440643576
52.34682314059266	0.9788023833222712	0.00488424299355905	0.016313373684169363
54.24949641736315	0.978802383409113	0.004884243195001003	0.016313373395885632
56.25746797721656	0.9788023834349082	0.004884243254865075	0.016313373310226274
58.36214989889628	0.9788023834348347	0.004884243254738412	0.016313373310426465
60.52053867703201	0.978802383421582	0.004884243224058279	0.016313373354359357
62.68533121192402	0.9788023834040241	0.004884243183396863	0.01631337341257863
64.82845201073971	0.9788023833909514	0.004884243153120293	0.016313373455927913
66.94455590086363	0.9788023833866878	0.0048842431432458205	0.016313373470065954
69.04215396673244	0.9788023833892142	0.004884243149097597	0.01631337346168774
71.13309767914299	0.9788023833940516	0.004884243160301642	0.016313373445646342
73.2261228985943	0.9788023833979914	0.004884243169426845	0.016313373432581324
75.32485552760664	0.9788023833999101	0.004884243173870831	0.01631337342621864
77.42886122225882	0.9788023834000553	0.004884243174207309	0.01631337342573689
79.53577279409375	0.9788023833992316	0.004884243172299398	0.016313373428468524
81.64317877155159	0.978802383398235	0.0048842431699909015	0.01631337343177372
83.749630731478	0.978802383397554	0.00488424316841359	0.016313373434032042
85.85477096388125	0.9788023833973165	0.00488424316786348	0.016313373434819665
87.95895068272384	0.978802383397406	0.004884243168070611	0.016313373434523108
90.06274242708622	0.9788023833976273	0.004884243168583115	0.016313373433789323
92.16659929566232	0.978802383397826	0.0048842431690434675	0.01631337343313023
94.27072851177742	0.9788023833979321	0.004884243169289331	0.01631337343277821
96.37512578969758	0.9788023833979473	0.004884243169324676	0.016313373432727606
98.47967964609246	0.9788023833979096	0.004884243169237143	0.01631337343285293
100.58426882174261	0.9788023833978599	0.004884243169121832	0.01631337343301802
102.68881637891973	0.9788023833978242	0.0048842431690391645	0.01631337343313638
104.79329946149602	0.9788023833978103	0.004884243169007133	0.016313373433182256
106.8977325655968	0.9788023833978134	0.004884243169014364	0.016313373433171893
109.00214384441009	0.978802383397824	0.004884243169038752	0.01631337343313698
111.10655643329892	0.9788023833978341	0.004884243169062087	0.016313373433103562
113.21098176065898	0.9788023833978399	0.004884243169075431	0.016313373433084463
115.31542066280132	0.978802383397841	0.004884243169078102	0.016313373433080633
117.41986784364222	0.9788023833978393	0.0048842431690742745	0.016313373433086097
119.52431731018689	0.9788023833978369	0.004884243169068644	0.016313373433094174
121.6287651600155	0.978802383397835	0.0048842431690643015	0.01631337343310039
123.73320972066831	0.9788023833978342	0.004884243169062542	0.01631337343310291
125.83765182837931	0.9788023833978343	0.004884243169062695	0.016313373433102688
127.94209273749442	0.9788023833978348	0.004884243169063798	0.016313373433101106
130.04653356298658	0.9788023833978352	0.004884243169064983	0.016313373433099437
132.1509748623423	0.9788023833978355	0.00488424316906577	0.016313373433098285
134.25541691430516	0.9788023833978357	0.004884243169065976	0.016313373433098
136.35985944013186	0.9788023833978355	0.004884243169065812	0.016313373433098244
138.464302161079	0.9788023833978354	0.004884243169065492	0.016313373433098695
140.56874493777482	0.9788023833978353	0.004884243169065127	0.016313373433099215
142.6731874914759	0.9788023833978352	0.004884243169064924	0.016313373433099482
144.77762982218223	0.9788023833978352	0.0048842431690649	0.016313373433099524
146.88207206926555	0.9788023833978352	0.004884243169064949	0.016313373433099465
148.98651423272585	0.9788023833978352	0.0048842431690650475	0.016313373433099316
151.09095645193483	0.9788023833978352	0.004884243169065115	0.016313373433099215
153.1953985875208	0.9788023833978352	0.004884243169065247	0.016313373433099028
155.29984091822715	0.9788023833978352	0.004884243169065231	0.01631337343309905
157.4042831653105	0.9788023833978352	0.004884243169065292	0.016313373433098986
159.5087253287708	0.9788023833978353	0.004884243169065401	0.016313373433098816
161.6131676873515	0.9788023833978353	0.004884243169065365	0.016313373433098872
163.71761024105263	0.9788023833978352	0.004884243169065175	0.01631337343309914
165.8220527111307	0.9788023833978351	0.004884243169065035	0.016313373433099337
167.92649509758576	0.9788023833978351	0.004884243169064973	0.01631337343309942
170.0309372610461	0.9788023833978352	0.004884243169065084	0.01631337343309925
172.13537948025512	0.9788023833978352	0.004884243169065152	0.016313373433099153
174.23982189458454	0.9788023833978352	0.00488424316906507	0.016313373433099285
176.34426422529094	0.9788023833978352	0.00488424316906505	0.016313373433099312
178.4487064723743	0.9788023833978352	0.00488424316906511	0.01631337343309924
180.55314863583467	0.9788023833978352	0.004884243169065239	0.01631337343309906
182.65759099441541	0.9788023833978352	0.0048842431690651915	0.016313373433099115
184.76203326937315	0.9788023833978352	0.004884243169065208	0.01631337343309908
186.86647546070785	0.9788023833978352	0.004884243169065299	0.016313373433098955
188.97091756841954	0.9788023833978353	0.004884243169065461	0.01631337343309873
191.07535987125164	0.9788023833978353	0.004884243169065471	0.016313373433098705
193.17980250857588	0.9788023833978352	0.004884243169065203	0.016313373433099077
195.28424492290537	0.9788023833978352	0.004884243169065129	0.0163133734330992
197.38868711424016	0.9788023833978352	0.004884243169065235	0.016313373433099066
199.49312950069532	0.9788023833978352	0.004884243169065175	0.016313373433099135
201.59757180352747	0.9788023833978352	0.004884243169065176	0.01631337343309913
201.59757180352747	0.9788023833978352	0.004884243169065176	0.01631337343309913
201.73680916677162	0.9782364401732753	0.005390455917753229	0.016373103908971016
201.84974551439498	0.9777834998517476	0.00572218094704977	0.016494319201202087
201.9735243978163	0.9772974094657838	0.006019977478183806	0.016682613056031834
202.09119872056408	0.976848036469144	0.006250731445928724	0.01690123208492674
202.2132423717211	0.9763971744137545	0.006446041395831201	0.017156784190413738
202.33541942202837	0.975962762325735	0.0066048848121612455	0.017432352862103203
202.46106705436554	0.9755346713417167	0.006737106839902353	0.01772822181838042
202.5893717570367	0.9751176194247207	0.0068457246906356625	0.018036655884642986
202.72166596815657	0.9747090626771605	0.00693521702163807	0.018355720301200796
202.85808843795078	0.9743104517346061	0.007008347704212456	0.018681200561180875
202.99941334658243	0.9739213791856329	0.00706781460755324	0.019010806206813217
203.14608549264543	0.9735425305271121	0.007115723723936436	0.019341745748950825
203.29876953030222	0.9731741211516792	0.0071539445840980926	0.01967193426422213
203.4580789010311	0.9728166542197215	0.00718405029927506	0.01999929548100289
203.62474479062655	0.9724705185872801	0.0072074076689243325	0.020322073743795094
203.79955471520427	0.9721361690046911	0.007225189456931452	0.020638641538376926
203.98342394121968	0.9718140138200315	0.007238407457506229	0.0209475787224618
204.1774017049568	0.9715044587799581	0.007247928989536209	0.021247612230505232
204.3827280221062	0.971207872678079	0.007254494899535354	0.021537632422385204
204.60088342471815	0.9709245945397178	0.007258733279389226	0.021816672180892505
204.83367510616574	0.9706549199802869	0.007261172269259983	0.022083907750452676
205.08335042086415	0.970399100523837	0.007262251326979747	0.022338648149182756
205.35275947478638	0.9701573473633708	0.007262331715701041	0.02258032092092776
205.6455347225232	0.9699298834720989	0.0072617065595067835	0.02280840996839391
205.96604755759728	0.9697171750411767	0.007260611970236703	0.023022212988586085
206.31774504126986	0.9695208601792166	0.007259244667180734	0.023219895153602236
206.69752748138922	0.9693453093969505	0.007257789051917376	0.023396901551131676
207.0970199080824	0.9691943072711691	0.007256398092110282	0.02354929463672018
207.5139772870723	0.9690666844950682	0.0072551444882824785	0.023678171016648878
207.94827360383718	0.9689600169976396	0.007254054500152476	0.02378592850220752
208.40074387470176	0.968871662100687	0.007253129459064387	0.02387520844024819
208.87253141132058	0.968799125765863	0.007252358712445794	0.02394851552169074
209.36511633172327	0.9687401129410342	0.007251726055589138	0.02400816100337614
209.88021261398438	0.9686925635948961	0.007251213604790323	0.024056222800313113
210.41981167354524	0.9686546459384467	0.007250803709622828	0.024094550351929898
210.9861839889008	0.9686247484141295	0.007250479955814394	0.024124771630055608
211.58193135751432	0.9686014640805551	0.007250227575631251	0.024148308343813048
212.2100365179703	0.9685835751157587	0.007250033577969868	0.024166391306270872
212.87394060294633	0.9685700364541765	0.007249886718984595	0.02418007682683831
213.57763551219307	0.9685599599403918	0.007249777401014932	0.024190262658592657
214.32578614878003	0.9685525988118773	0.0072496975367305014	0.024197703651391626
215.1238843073542	0.9685473327589025	0.007249640401272285	0.024203026839824632
215.97845049070312	0.9685436535219526	0.007249600481912301	0.024206745996134513
216.89729664194076	0.9685411511161424	0.00724957333091874	0.02420927555293832
217.88987591743916	0.968539500708598	0.007249555424034707	0.024210943867366712
218.96775368626064	0.9685384502164014	0.0072495440262106275	0.024212005757387377
220.1453000895893	0.9685378086699314	0.007249537065439784	0.024212654264628215
221.44054924434695	0.9685374355041457	0.00724953301659559	0.024213031479258115
222.8765564912605	0.9685372306787772	0.007249530794242815	0.02421323852697942
224.4833558881067	0.968537125850936	0.007249529656861995	0.024213344492201458
226.30089755948188	0.9685370766079759	0.007249529122576461	0.02421339426944701
228.38362091687384	0.9685370558202108	0.007249528897029453	0.02421341528275924
230.80803672760155	0.9685370481592253	0.007249528813907854	0.02421342302686631
233.68526274077266	0.9685370457929946	0.007249528788234183	0.02421342541877068
237.18349328595752	0.9685370452148802	0.007249528781958686	0.024213426003160603
241.56775843517912	0.9685370451111924	0.007249528780475151	0.0242134261083319
247.28350736572722	0.9685370449970807	0.0072495285455379845	0.024213426457380772
250.04306424476215	0.9685370445053592	0.007249527424837903	0.024213428069802447
251.97778668902586	0.9685370447447029	0.007249527978804924	0.024213427276491666
253.83579439742954	0.9685370449298215	0.007249528406236753	0.024213426663941235
255.76561776208933	0.9685370449975035	0.00724952856253427	0.024213426439961758
257.80015944860867	0.9685370450160258	0.007249528605344468	0.024213426378629284
259.9219950246446	0.9685370450124924	0.007249528597250138	0.024213426390257028
262.0857552748677	0.9685370449977767	0.007249528563358861	0.02421342643886402
264.2481426352364	0.9685370449807988	0.007249528524244553	0.024213426494956156
266.3868110009877	0.9685370449696731	0.007249528498610928	0.02421342653171551
268.5002350567489	0.9685370449672014	0.0072495284929163	0.024213426539881844
270.59809764706904	0.9685370449704902	0.007249528500494427	0.024213426529014887
272.6916312472618	0.9685370449752239	0.007249528511401559	0.024213426513374086
274.78831684073987	0.9685370449787033	0.007249528519418826	0.024213426501877338
276.890716334744	0.9685370449801745	0.007249528522808472	0.024213426497016587
278.99784172501336	0.9685370449800491	0.00724952852251973	0.024213426497430638
281.1072592487915	0.9685370449791504	0.0072495285204489945	0.02421342650040008
283.216773785546	0.9685370449782114	0.0072495285182853746	0.024213426503502708
285.3252112237837	0.9685370449776346	0.007249528516956362	0.024213426505408517
287.4324059895177	0.9685370449774826	0.007249528516606147	0.02421342650591072
289.53877985573513	0.9685370449776125	0.007249528516905531	0.024213426505481406
291.64488485679107	0.9685370449778344	0.00724952851741694	0.024213426504748056
293.75111503627437	0.9685370449780132	0.007249528517828701	0.024213426504157587
295.8576224749011	0.9685370449780969	0.0072495285180215144	0.024213426503881086
297.96437274206687	0.9685370449780976	0.007249528518023006	0.02421342650387895
300.071248923718	0.9685370449780552	0.007249528517925313	0.024213426504019055
302.1781395331693	0.9685370449780079	0.007249528517816215	0.024213426504175496
304.28498108366085	0.9685370449779773	0.007249528517745747	0.02421342650427654
306.3917608797179	0.9685370449779679	0.007249528517723944	0.024213426504307783
308.4984977582939	0.9685370449779731	0.007249528517735986	0.02421342650429053
310.6052186475787	0.9685370449779838	0.007249528517760638	0.024213426504255186
312.7119439178826	0.968537044977993	0.0072495285177818555	0.02421342650422477
314.8186824987554	0.9685370449779976	0.007249528517792553	0.02421342650420942
316.92543369265366	0.968537044977998	0.007249528517793306	0.024213426504208324
319.0321917790906	0.968537044977996	0.007249528517788646	0.024213426504215017
321.13895089801366	0.9685370449779936	0.007249528517783168	0.02421342650422288
323.24570770082187	0.9685370449779921	0.0072495285177794945	0.024213426504228135
325.3524612108455	0.9685370449779916	0.007249528517778442	0.024213426504229665
327.4592126838094	0.9685370449779919	0.007249528517778994	0.024213426504228884
329.5659635149602	0.9685370449779923	0.007249528517780036	0.024213426504227375
331.6727145414454	0.9685370449779928	0.0072495285177809395	0.02421342650422608
333.7794659027897	0.968537044977993	0.007249528517781558	0.024213426504225196
335.8862178780426	0.968537044977993	0.007249528517781711	0.02421342650422499
337.99297018815474	0.968537044977993	0.0072495285177815805	0.024213426504225165
340.09972269360145	0.9685370449779929	0.0072495285177813	0.024213426504225567
342.2064749758087	0.9685370449779929	0.007249528517781199	0.02421342650422571
344.3132271743011	0.9685370449779929	0.007249528517781165	0.02421342650422575
346.41997928907875	0.9685370449779929	0.0072495285177812015	0.0242134265042257
348.52673159919095	0.9685370449779928	0.007249528517781086	0.024213426504225876
350.6334838255883	0.9685370449779928	0.007249528517781044	0.024213426504225935
352.7402358287462	0.9685370449779929	0.007249528517781154	0.02421342650422576
354.8469877481893	0.968537044977993	0.007249528517781336	0.024213426504225494
356.9537398629669	0.968537044977993	0.00724952851778138	0.024213426504225453
359.0604921730791	0.968537044977993	0.007249528517781258	0.02421342650422563
361.16724439947654	0.968537044977993	0.007249528517781224	0.024213426504225696
363.2739965421591	0.968537044977993	0.007249528517781241	0.02421342650422566
365.38074888017627	0.968537044977993	0.0072495285177811	0.024213426504225855
367.48750099495396	0.968537044977993	0.007249528517781139	0.024213426504225796
369.5942530260168	0.968537044977993	0.007249528517781247	0.024213426504225637
371.70100525241423	0.968537044977993	0.007249528517781209	0.024213426504225706
373.80775739509687	0.968537044977993	0.007249528517781233	0.024213426504225675
375.9145097331141	0.968537044977993	0.007249528517781088	0.024213426504225866
378.02126184789176	0.968537044977993	0.007249528517781118	0.024213426504225824
380.1280138789547	0.968537044977993	0.007249528517781222	0.02421342650422568
382.23476610535215	0.968537044977993	0.007249528517781175	0.024213426504225748
384.3415182480348	0.968537044977993	0.007249528517781175	0.024213426504225737
386.44827058605205	0.9685370449779929	0.007249528517781047	0.024213426504225928
388.5550227008298	0.9685370449779929	0.007249528517781084	0.02421342650422587
390.66177473189276	0.9685370449779929	0.0072495285177811815	0.024213426504225723
392.76852695829024	0.9685370449779929	0.007249528517781141	0.02421342650422579
394.87527910097293	0.9685370449779929	0.0072495285177811624	0.02421342650422576
396.98203115994085	0.9685370449779929	0.007249528517781254	0.024213426504225633
399.0887834142433	0.9685370449779929	0.007249528517781178	0.024213426504225748
401.19553558483096	0.9685370449779929	0.007249528517781178	0.02421342650422576
403.3022876717038	0.9685370449779929	0.0072495285177812474	0.024213426504225664
405.40903995391125	0.9685370449779929	0.007249528517781164	0.024213426504225775
407.51579201287916	0.9685370449779929	0.007249528517781244	0.024213426504225654
409.62254426718164	0.9685370449779929	0.0072495285177811754	0.024213426504225748
411.72929629824466	0.9685370449779929	0.007249528517781289	0.024213426504225585
413.83604852464225	0.9685370449779929	0.007249528517781228	0.02421342650422566
415.942800667325	0.9685370449779929	0.007249528517781232	0.02421342650422566
418.049552726293	0.9685370449779929	0.007249528517781304	0.024213426504225553
420.1563047015461	0.968537044977993	0.00724952851778145	0.024213426504225345
422.2630568721338	0.968537044977993	0.007249528517781448	0.02421342650422535
424.36980923805606	0.9685370449779929	0.007249528517781284	0.024213426504225588
426.47656152026354	0.9685370449779929	0.00724952851778119	0.024213426504225713
428.5833137187562	0.9685370449779929	0.007249528517781164	0.024213426504225765
430.69006583353405	0.9685370449779929	0.0072495285177812015	0.024213426504225706
432.7968181436465	0.9685370449779928	0.007249528517781097	0.024213426504225876
434.90357037004406	0.9685370449779928	0.007249528517781038	0.024213426504225952
437.0103223732022	0.9685370449779929	0.007249528517781157	0.024213426504225765
439.11707429264555	0.968537044977993	0.0072495285177813585	0.02421342650422549
441.2238264074234	0.968537044977993	0.007249528517781406	0.02421342650422543
443.33057871753584	0.968537044977993	0.007249528517781284	0.024213426504225602
445.4373309439335	0.968537044977993	0.007249528517781242	0.024213426504225654
447.5440830866163	0.968537044977993	0.0072495285177812665	0.02421342650422562
449.6508351455843	0.968537044977993	0.007249528517781358	0.0242134265042255
451.75758712083757	0.9685370449779931	0.0072495285177815024	0.02421342650422528
453.8643392914253	0.9685370449779931	0.0072495285177814955	0.02421342650422529
455.9710916573477	0.968537044977993	0.007249528517781339	0.02421342650422552
458.07784393955524	0.968537044977993	0.007249528517781234	0.02421342650422566
460.18459613804794	0.968537044977993	0.007249528517781195	0.02421342650422572
462.29134825282586	0.968537044977993	0.007249528517781239	0.024213426504225668
464.39810056293834	0.968537044977993	0.0072495285177811225	0.024213426504225817
466.50485264981137	0.968537044977993	0.007249528517781191	0.02421342650422573
468.61160465296956	0.9685370449779931	0.0072495285177813255	0.024213426504225536
470.7183568514623	0.9685370449779931	0.007249528517781292	0.024213426504225574
472.8251089662403	0.9685370449779931	0.0072495285177813255	0.02421342650422553
474.93186099730343	0.9685370449779931	0.0072495285177814305	0.02421342650422538
477.03861322370113	0.9685370449779931	0.007249528517781378	0.024213426504225446
479.1453656454334	0.968537044977993	0.007249528517781167	0.024213426504225737
481.2521179834509	0.9685370449779929	0.007249528517781036	0.02421342650422594
483.35887009822886	0.9685370449779929	0.007249528517781084	0.024213426504225883
485.46562212929206	0.9685370449779929	0.00724952851778119	0.02421342650422573
487.5723743556898	0.9685370449779929	0.007249528517781148	0.024213426504225786
489.67912649837274	0.9685370449779929	0.007249528517781173	0.024213426504225755
491.7858785573409	0.9685370449779929	0.007249528517781262	0.02421342650422563
493.8926308116436	0.9685370449779929	0.007249528517781188	0.024213426504225734
495.99938298223145	0.9685370449779929	0.007249528517781168	0.024213426504225748
498.1061353481539	0.9685370449779928	0.007249528517781003	0.024213426504225984
500.21288749083686	0.9685370449779928	0.007249528517781013	0.024213426504225977
502.319639549805	0.9685370449779928	0.00724952851778111	0.024213426504225862
504.42639166458304	0.9685370449779928	0.007249528517781141	0.024213426504225793
506.5331436956463	0.9685370449779928	0.007249528517781251	0.02421342650422564
508.6398959220441	0.9685370449779928	0.0072495285177811885	0.024213426504225713
510.7466480647271	0.9685370449779928	0.007249528517781197	0.02421342650422571
512.8534004027447	0.9685370449779926	0.007249528517781053	0.024213426504225918
514.9601525175227	0.9685370449779926	0.0072495285177810835	0.02421342650422586
517.066904548586	0.9685370449779926	0.0072495285177811815	0.024213426504225706
519.1736567749838	0.9685370449779926	0.007249528517781134	0.0242134265042258
521.2804089176668	0.9685370449779926	0.007249528517781147	0.024213426504225775
523.3871609766351	0.9685370449779926	0.007249528517781224	0.02421342650422567
525.4939132309379	0.9685370449779926	0.007249528517781157	0.024213426504225772
527.6006654015258	0.9685370449779926	0.007249528517781147	0.02421342650422576
529.707417488399	0.9685370449779926	0.007249528517781223	0.02421342650422568
531.8141697706067	0.9685370449779926	0.007249528517781136	0.02421342650422579
533.9209219690996	0.9685370449779926	0.007249528517781113	0.024213426504225838
536.0276740838777	0.9685370449779926	0.0072495285177811486	0.02421342650422578
538.134426114941	0.9685370449779926	0.007249528517781256	0.024213426504225626
540.2411783413388	0.9685370449779926	0.007249528517781202	0.02421342650422569
542.3479304840218	0.9685370449779926	0.007249528517781218	0.02421342650422566
544.4546828220394	0.9685370449779925	0.007249528517781071	0.024213426504225866
546.5614350763423	0.9685370449779925	0.007249528517780998	0.024213426504225984
548.6681871074056	0.9685370449779925	0.007249528517781102	0.024213426504225824
550.7749391942789	0.9685370449779925	0.007249528517781158	0.02421342650422575
552.8816911974372	0.9685370449779926	0.007249528517781284	0.024213426504225567
554.9884433959302	0.9685370449779926	0.007249528517781256	0.02421342650422562
557.0951955107083	0.9685370449779926	0.007249528517781301	0.024213426504225578
559.2019475417717	0.9685370449779928	0.007249528517781407	0.02421342650422541
561.3086997681696	0.9685370449779928	0.007249528517781337	0.024213426504225494
563.4154519108528	0.9685370449779928	0.007249528517781346	0.024213426504225484
565.522203969821	0.9685370449779928	0.0072495285177814305	0.024213426504225383
567.6289562241238	0.9685370449779928	0.0072495285177813585	0.02421342650422549
569.7357083947119	0.9685370449779928	0.007249528517781358	0.024213426504225498
571.8424604815851	0.9685370449779928	0.007249528517781425	0.0242134265042254
573.949212763793	0.9685370449779928	0.007249528517781326	0.02421342650422552
576.055964962286	0.9685370449779928	0.007249528517781297	0.02421342650422557
578.1627170770641	0.9685370449779928	0.007249528517781332	0.024213426504225526
580.2694691081275	0.9685370449779929	0.007249528517781416	0.024213426504225383
582.3762213345254	0.9685370449779929	0.007249528517781369	0.02421342650422545
584.4829737562579	0.9685370449779928	0.007249528517781178	0.024213426504225744
586.5897260942756	0.9685370449779928	0.00724952851778104	0.024213426504225935
588.6964782090539	0.9685370449779928	0.007249528517781083	0.024213426504225883
590.8032302401173	0.9685370449779928	0.007249528517781197	0.02421342650422572
592.9099824665152	0.9685370449779928	0.0072495285177811356	0.02421342650422579
595.0167346091984	0.9685370449779928	0.00724952851778115	0.02421342650422578
597.1234866681667	0.9685370449779928	0.007249528517781226	0.024213426504225668
599.2302389224697	0.9685370449779928	0.007249528517781165	0.024213426504225755
601.3369909535331	0.9685370449779928	0.0072495285177812665	0.024213426504225623
603.4437431799312	0.9685370449779928	0.0072495285177812075	0.024213426504225682
605.5504953226143	0.9685370449779928	0.0072495285177812275	0.024213426504225657
607.6572476606322	0.9685370449779926	0.007249528517781071	0.024213426504225873
609.7639999149351	0.9685370449779926	0.007249528517781003	0.024213426504225994
611.8707519459986	0.9685370449779926	0.007249528517781107	0.02421342650422584
613.9775040328719	0.9685370449779926	0.0072495285177811624	0.02421342650422576
616.0842560360305	0.9685370449779928	0.007249528517781291	0.02421342650422557
618.1910082345237	0.9685370449779928	0.007249528517781253	0.024213426504225623
620.2977603493019	0.9685370449779928	0.007249528517781291	0.02421342650422558
622.4045123803654	0.9685370449779928	0.007249528517781385	0.024213426504225453
624.5112646067635	0.9685370449779928	0.007249528517781311	0.02421342650422554
626.6180167494467	0.9685370449779928	0.007249528517781323	0.02421342650422554
628.7247688084152	0.9685370449779928	0.007249528517781403	0.02421342650422541
630.8315210627183	0.9685370449779928	0.007249528517781331	0.024213426504225526
632.9382732333064	0.9685370449779928	0.007249528517781322	0.024213426504225536
635.0450253201798	0.9685370449779928	0.0072495285177813715	0.02421342650422545
637.1517776023877	0.9685370449779928	0.0072495285177812735	0.024213426504225602
639.2585298008809	0.9685370449779928	0.00724952851778124	0.02421342650422566
641.3652819156592	0.9685370449779928	0.007249528517781273	0.024213426504225605
643.4720339467227	0.9685370449779928	0.007249528517781366	0.024213426504225456
645.5787861731208	0.9685370449779928	0.0072495285177813125	0.024213426504225543
647.685538315804	0.9685370449779928	0.00724952851778132	0.02421342650422554
649.7922903747725	0.9685370449779928	0.007249528517781406	0.024213426504225425
651.8990426290756	0.9685370449779928	0.007249528517781344	0.02421342650422551
654.0057947996638	0.9685370449779928	0.0072495285177813255	0.024213426504225526
656.1125468865372	0.9685370449779928	0.007249528517781398	0.02421342650422544
658.2192991687452	0.9685370449779928	0.007249528517781295	0.02421342650422556
660.3260513672384	0.9685370449779928	0.007249528517781277	0.024213426504225612
662.4328034820168	0.9685370449779928	0.0072495285177813186	0.024213426504225543
664.5395555130804	0.9685370449779928	0.00724952851778141	0.024213426504225397
666.6463077394785	0.9685370449779928	0.007249528517781347	0.024213426504225484
668.7530598821619	0.9685370449779928	0.007249528517781369	0.024213426504225474
670.8598122201798	0.9685370449779928	0.007249528517781212	0.02421342650422568
672.9665644744829	0.9685370449779928	0.007249528517781148	0.024213426504225786
675.0733165055465	0.9685370449779928	0.00724952851778126	0.02421342650422563
677.1800687319446	0.9685370449779928	0.007249528517781181	0.024213426504225713
679.286820874628	0.9685370449779928	0.007249528517781206	0.024213426504225706
681.393573212646	0.9685370449779926	0.007249528517781069	0.02421342650422591
683.5003254669491	0.9685370449779926	0.007249528517780993	0.024213426504226
685.6070774980127	0.9685370449779926	0.007249528517781104	0.024213426504225845
687.7138295848862	0.9685370449779926	0.007249528517781163	0.024213426504225758
689.8205815880449	0.9685370449779928	0.007249528517781274	0.024213426504225578
691.9273337865382	0.9685370449779928	0.007249528517781243	0.024213426504225644
694.0340859013166	0.9685370449779928	0.007249528517781277	0.02421342650422559
696.1408379323802	0.9685370449779928	0.007249528517781388	0.024213426504225453
698.2475901587784	0.9685370449779928	0.007249528517781332	0.024213426504225512
700.3543423014618	0.9685370449779928	0.007249528517781344	0.024213426504225498
702.4610943604304	0.9685370449779928	0.007249528517781424	0.024213426504225387
704.5678466147335	0.9685370449779928	0.007249528517781341	0.02421342650422549
706.6745987853219	0.9685370449779928	0.007249528517781334	0.024213426504225515
708.7813508721955	0.9685370449779928	0.007249528517781399	0.02421342650422544
710.8881031544037	0.9685370449779928	0.0072495285177813	0.024213426504225564
712.9948553528969	0.9685370449779928	0.007249528517781267	0.024213426504225612
715.1016074676754	0.9685370449779928	0.007249528517781316	0.024213426504225543
717.2083594987391	0.9685370449779928	0.007249528517781407	0.024213426504225397
719.3151117251374	0.9685370449779928	0.007249528517781337	0.024213426504225498
721.4218638678209	0.9685370449779928	0.007249528517781338	0.024213426504225498
723.5286159267895	0.9685370449779928	0.007249528517781412	0.024213426504225394
725.6353681810926	0.9685370449779928	0.007249528517781335	0.0242134265042255
727.742120351681	0.9685370449779928	0.007249528517781315	0.02421342650422553
729.8488724385546	0.9685370449779928	0.007249528517781384	0.02421342650422545
731.9556247207628	0.9685370449779928	0.007249528517781271	0.02421342650422559
734.0623769192562	0.9685370449779928	0.007249528517781239	0.02421342650422564
736.1691290340347	0.9685370449779928	0.007249528517781285	0.024213426504225602
738.2758810650984	0.9685370449779928	0.007249528517781386	0.02421342650422546
740.3826332914966	0.9685370449779928	0.007249528517781332	0.024213426504225533
742.4893854341801	0.9685370449779928	0.007249528517781344	0.02421342650422551
744.5961374931488	0.9685370449779928	0.007249528517781424	0.024213426504225387
746.7028897474521	0.9685370449779928	0.007249528517781341	0.02421342650422549
748.8096419180405	0.9685370449779928	0.007249528517781334	0.024213426504225515
750.9163940049141	0.9685370449779928	0.007249528517781399	0.02421342650422544
753.0231462871222	0.9685370449779928	0.0072495285177813	0.024213426504225564
755.1298984856156	0.9685370449779928	0.007249528517781267	0.024213426504225612
757.2366506003942	0.9685370449779928	0.007249528517781316	0.024213426504225543
759.3434026314579	0.9685370449779928	0.007249528517781407	0.024213426504225397
761.4501548578562	0.9685370449779928	0.007249528517781337	0.024213426504225498
763.5569070005397	0.9685370449779928	0.007249528517781338	0.024213426504225498
765.6636590595084	0.9685370449779928	0.007249528517781412	0.024213426504225394
767.7704113138117	0.9685370449779928	0.007249528517781335	0.0242134265042255
769.8771634844002	0.9685370449779928	0.007249528517781315	0.02421342650422553
771.9839155712739	0.9685370449779928	0.007249528517781384	0.02421342650422545
774.0906678534822	0.9685370449779928	0.007249528517781271	0.02421342650422559
776.1974200519755	0.9685370449779928	0.007249528517781239	0.02421342650422564
778.3041721667541	0.9685370449779928	0.007249528517781285	0.024213426504225602
780.410924197818	0.9685370449779928	0.007249528517781386	0.02421342650422546
782.5176764242163	0.9685370449779928	0.007249528517781332	0.024213426504225533
784.6244285669	0.9685370449779928	0.007249528517781344	0.02421342650422551
786.7311806258687	0.9685370449779928	0.007249528517781424	0.024213426504225387
788.8379328801719	0.9685370449779928	0.007249528517781341	0.02421342650422549
790.9446850507604	0.9685370449779928	0.007249528517781334	0.024213426504225515
793.0514371376341	0.9685370449779928	0.007249528517781399	0.02421342650422544
795.1581894198424	0.9685370449779928	0.0072495285177813	0.024213426504225564
797.2649416183359	0.9685370449779928	0.007249528517781267	0.024213426504225612
799.3716937331145	0.9685370449779928	0.007249528517781316	0.024213426504225543
801.4784457641783	0.9685370449779928	0.007249528517781407	0.024213426504225397
803.5851979905767	0.9685370449779928	0.007249528517781337	0.024213426504225498
805.6919501332603	0.9685370449779928	0.007249528517781338	0.024213426504225498
807.7987021922291	0.9685370449779928	0.007249528517781412	0.024213426504225394
809.9054544465325	0.9685370449779928	0.007249528517781335	0.0242134265042255
812.012206617121	0.9685370449779928	0.007249528517781315	0.02421342650422553
814.1189587039947	0.9685370449779928	0.007249528517781384	0.02421342650422545
816.225710986203	0.9685370449779928	0.007249528517781271	0.02421342650422559
818.3324631846965	0.9685370449779928	0.007249528517781239	0.02421342650422564
820.4392152994752	0.9685370449779928	0.007249528517781285	0.024213426504225602
822.545967330539	0.9685370449779928	0.007249528517781386	0.02421342650422546
824.6527195569374	0.9685370449779928	0.007249528517781332	0.024213426504225533
826.759471699621	0.9685370449779928	0.007249528517781344	0.02421342650422551
828.8662237585899	0.9685370449779928	0.007249528517781424	0.024213426504225387
830.9729760128932	0.9685370449779928	0.007249528517781341	0.02421342650422549
833.0797281834818	0.9685370449779928	0.007249528517781334	0.024213426504225515
835.1864802703556	0.9685370449779928	0.007249528517781399	0.02421342650422544
837.293232552564	0.9685370449779928	0.0072495285177813	0.024213426504225564
839.3999847510574	0.9685370449779928	0.007249528517781267	0.024213426504225612
841.5067368658362	0.9685370449779928	0.007249528517781316	0.024213426504225543
843.6134888969001	0.9685370449779928	0.007249528517781407	0.024213426504225397
845.7202411232986	0.9685370449779928	0.007249528517781337	0.024213426504225498
847.8269932659823	0.9685370449779928	0.007249528517781338	0.024213426504225498
849.9337453249511	0.9685370449779928	0.007249528517781412	0.024213426504225394
852.0404975792545	0.9685370449779928	0.007249528517781335	0.0242134265042255
854.1472497498431	0.9685370449779928	0.007249528517781315	0.02421342650422553
856.254001836717	0.9685370449779928	0.007249528517781384	0.02421342650422545
858.3607541189253	0.9685370449779928	0.007249528517781271	0.02421342650422559
860.467506317419	0.9685370449779928	0.007249528517781239	0.02421342650422564
862.5742584321977	0.9685370449779928	0.007249528517781285	0.024213426504225602
864.6810104632616	0.9685370449779928	0.007249528517781386	0.02421342650422546
866.7877626896601	0.9685370449779928	0.007249528517781332	0.024213426504225533
868.8945148323438	0.9685370449779928	0.007249528517781344	0.02421342650422551
871.0012668913128	0.9685370449779928	0.007249528517781424	0.024213426504225387
873.1080191456163	0.9685370449779928	0.007249528517781341	0.02421342650422549
875.2147713162049	0.9685370449779928	0.007249528517781334	0.024213426504225515
877.3215234030787	0.9685370449779928	0.007249528517781399	0.02421342650422544
879.4282756852871	0.9685370449779928	0.0072495285177813	0.024213426504225564
881.5350278837807	0.9685370449779928	0.007249528517781267	0.024213426504225612
883.6417799985595	0.9685370449779928	0.007249528517781316	0.024213426504225543
885.7485320296234	0.9685370449779928	0.007249528517781407	0.024213426504225397
887.855284256022	0.9685370449779928	0.007249528517781337	0.024213426504225498
