timestamp	u1	u2	u3
0.0	1.0	0.0	0.0
0.01544134880842724	0.9998713346058864	0.00012702475669787246	1.640637415739263e-6
0.04480299124875294	0.9996268132128066	0.0003596647028359487	1.3522084357456325e-5
0.08049501634526159	0.9993300121286314	0.0006274447124391594	4.254315892939254e-5
0.1244804613585835	0.9989652919481256	0.0009361119556585005	9.859609621585478e-5
0.17532055720153125	0.9985457485004338	0.0012655875335089708	0.0001886639660571274
0.23335689834459436	0.9980702530707559	0.0016088390185887457	0.0003209079106551709
0.2977164034804008	0.9975482158079931	0.001952284476816445	0.0004994997151902795
0.3681798397004591	0.9969841546415565	0.0022879981580777396	0.0007278472003656077
0.4441820733174342	0.9963857545545907	0.0026081007469805945	0.0010061446984286505
0.5254278733742843	0.995758792872024	0.0029078229781141266	0.0013333841498617883
0.6115692180206184	0.9951096100361051	0.0031837527221323164	0.001706637241762468
0.7023995713911099	0.9944435164183503	0.0034342958661240435	0.0021221877155255995
0.7977449074397616	0.9937655763283789	0.0036589555233085443	0.002575468148312492
0.8975220041857292	0.9930801475447155	0.0038582081236606387	0.0030616443316238235
1.0016991557696178	0.9923911621251522	0.004033140857237883	0.0035756970176099036
1.1103108887601174	0.9917020346103558	0.0041852766525076485	0.004112688737136591
1.2234443224014215	0.99101577923709	0.004316384676503741	0.004667836086406205
1.3412422856259787	0.9903350232695924	0.0044283616353936826	0.005236615095013871
1.4638991200614353	0.9896620736826225	0.00452313464411105	0.005814791673266423
1.5916624835989812	0.9889989516575723	0.004602597376017611	0.0063984509664099885
1.7248342703048698	0.9883474367310363	0.004668564664768693	0.006983998604194945
1.8637746345025903	0.987709098361791	0.004722744009690635	0.007568157628518288
2.0089074504597026	0.9870853258651445	0.004766718197824832	0.008147955937030547
2.160728524376142	0.9864773522507304	0.004801936466603602	0.008720711282665862
2.3198168090398568	0.9858862742240231	0.004829711586314728	0.00928401418966207
2.486849807530075	0.985313067652633	0.004851221161550531	0.009835711185816292
2.662624323488507	0.9847585997922368	0.0048675117928528135	0.010373888414910253
2.848084915661074	0.984223637596981	0.004879505204912515	0.010896857198106381
3.044363131689284	0.983708852881219	0.0048880056374188	0.011403141481362065
3.252832277772413	0.9832148249548394	0.004893708022398634	0.011891467022761849
3.475183895056549	0.9827420439540471	0.004897206606056227	0.01236074943989651
3.7135301789953328	0.982290927376881	0.00489900381205287	0.012810068811066042
3.9705162970069106	0.9818618935121671	0.004899519398699449	0.013238587089133275
4.249311731666712	0.9814556544667855	0.0048991007242872395	0.013645244808927084
4.552865310576438	0.9810742437562884	0.004898037569625698	0.01402771867408577
4.880898534597513	0.9807233376195748	0.004896587945866472	0.014380074434558581
5.227603924792437	0.9804111095844731	0.004894989986392689	0.014693900429134014
5.588677820729215	0.9801397116853702	0.004893412133991839	0.014966876180637736
5.9632255268847	0.9799064307312078	0.004891944510460953	0.015201624758331055
6.351216581390206	0.9797075761087328	0.004890629524257332	0.015401794367009577
6.753235073911016	0.979539218938061	0.004889480330007555	0.015571300731931238
7.1700690143051276	0.9793976379252535	0.0048884942185083114	0.01571386785623799
7.602749160643478	0.9792793736118602	0.004887659947167631	0.015832966440971957
8.052458846226187	0.9791812868492842	0.004886962484308094	0.01593175066640752
8.520559082260789	0.9791005492708564	0.004886385563451758	0.01601306516569156
9.008576775861172	0.9790346348698787	0.0048859131623146665	0.016079451967806357
9.518230973156303	0.9789812990070743	0.004885530235010201	0.016133170757915236
10.051453416982872	0.9789385585534579	0.004885223063061229	0.016176218383480608
10.610425781264272	0.978904670877933	0.004884979373535664	0.016210349748531125
11.197622216720061	0.9788781141085334	0.004884788339898352	0.016237097551567995
11.815865253015165	0.9788575681471476	0.004884640518989342	0.016257791333862747
12.468394280412877	0.9788418967124566	0.0048845277584947415	0.016273575529048383
13.158951625953677	0.9788301302205873	0.004884443091402927	0.016285426688009523
13.891890848893505	0.9788214494457498	0.004884380626584749	0.016294169927665234
14.672314904399128	0.9788151698899414	0.004884335439927665	0.016300494670130665
15.506253332537625	0.978810726841157	0.004884303468336258	0.016304969690506516
16.400893556380264	0.9788076611033306	0.004884281407652669	0.016308057489016477
17.364885174140216	0.9788056054254003	0.004884266615229207	0.01631012795937021
18.408747322502155	0.9788042716574966	0.004884257017585349	0.01631147132491775
19.54542694100507	0.9788034386834422	0.004884251023597204	0.016312310292960347
20.791130958776243	0.9788029411796003	0.004884247443615096	0.016312811376784357
22.16630104758661	0.978802659349116	0.004884245415594375	0.016313095235289343
23.69735886868506	0.9788025094894321	0.004884244337220809	0.01631324617334676
25.41901924425463	0.978802435704798	0.004884243806274815	0.016313320488926884
27.377984912932217	0.9788024026688132	0.0048842435685515434	0.01631335376263483
29.6388230685937	0.9788023895434574	0.004884243474102941	0.01631336698243925
32.29354895484347	0.9788023850710195	0.0048842434419197195	0.016313371487060496
35.47853229202618	0.9788023838254587	0.004884243432955791	0.016313372741585137
39.40419795407694	0.9788023835604146	0.0048842434309867774	0.016313373008598198
44.4095584881983	0.9788023835130276	0.004884243413214138	0.01631337307375786
48.502142691237836	0.9788023829374983	0.004884242099363011	0.016313374963138318
50.50097912362705	0.978802383094384	0.004884242464972024	0.016313374440643576
52.34682314059266	0.9788023833222712	0.00488424299355905	0.016313373684169363
54.24949641736315	0.978802383409113	0.004884243195001003	0.016313373395885632
56.25746797721656	0.9788023834349082	0.004884243254865075	0.016313373310226274
58.36214989889628	0.9788023834348347	0.004884243254738412	0.016313373310426465
60.52053867703201	0.978802383421582	0.004884243224058279	0.016313373354359357
62.68533121192402	0.9788023834040241	0.004884243183396863	0.01631337341257863
64.82845201073971	0.9788023833909514	0.004884243153120293	0.016313373455927913
66.94455590086363	0.9788023833866878	0.0048842431432458205	0.016313373470065954
69.04215396673244	0.9788023833892142	0.004884243149097597	0.01631337346168774
71.13309767914299	0.9788023833940516	0.004884243160301642	0.016313373445646342
73.2261228985943	0.9788023833979914	0.004884243169426845	0.016313373432581324
75.32485552760664	0.9788023833999101	0.004884243173870831	0.01631337342621864
77.42886122225882	0.9788023834000553	0.004884243174207309	0.01631337342573689
79.53577279409375	0.9788023833992316	0.004884243172299398	0.016313373428468524
81.64317877155159	0.978802383398235	0.0048842431699909015	0.01631337343177372
83.749630731478	0.978802383397554	0.00488424316841359	0.016313373434032042
85.85477096388125	0.9788023833973165	0.00488424316786348	0.016313373434819665
87.95895068272384	0.978802383397406	0.004884243168070611	0.016313373434523108
90.06274242708622	0.9788023833976273	0.004884243168583115	0.016313373433789323
92.16659929566232	0.978802383397826	0.0048842431690434675	0.01631337343313023
94.27072851177742	0.9788023833979321	0.004884243169289331	0.01631337343277821
96.37512578969758	0.9788023833979473	0.004884243169324676	0.016313373432727606
98.47967964609246	0.9788023833979096	0.004884243169237143	0.01631337343285293
100.58426882174261	0.9788023833978599	0.004884243169121832	0.01631337343301802
102.68881637891973	0.9788023833978242	0.0048842431690391645	0.01631337343313638
104.79329946149602	0.9788023833978103	0.004884243169007133	0.016313373433182256
106.8977325655968	0.9788023833978134	0.004884243169014364	0.016313373433171893
109.00214384441009	0.978802383397824	0.004884243169038752	0.01631337343313698
111.10655643329892	0.9788023833978341	0.004884243169062087	0.016313373433103562
113.21098176065898	0.9788023833978399	0.004884243169075431	0.016313373433084463
115.31542066280132	0.978802383397841	0.004884243169078102	0.016313373433080633
117.41986784364222	0.9788023833978393	0.0048842431690742745	0.016313373433086097
119.52431731018689	0.9788023833978369	0.004884243169068644	0.016313373433094174
121.6287651600155	0.978802383397835	0.0048842431690643015	0.01631337343310039
123.73320972066831	0.9788023833978342	0.004884243169062542	0.01631337343310291
125.83765182837931	0.9788023833978343	0.004884243169062695	0.016313373433102688
127.94209273749442	0.9788023833978348	0.004884243169063798	0.016313373433101106
130.04653356298658	0.9788023833978352	0.004884243169064983	0.016313373433099437
132.1509748623423	0.9788023833978355	0.00488424316906577	0.016313373433098285
134.25541691430516	0.9788023833978357	0.004884243169065976	0.016313373433098
136.35985944013186	0.9788023833978355	0.004884243169065812	0.016313373433098244
138.464302161079	0.9788023833978354	0.004884243169065492	0.016313373433098695
140.56874493777482	0.9788023833978353	0.004884243169065127	0.016313373433099215
142.6731874914759	0.9788023833978352	0.004884243169064924	0.016313373433099482
144.77762982218223	0.9788023833978352	0.0048842431690649	0.016313373433099524
146.88207206926555	0.9788023833978352	0.004884243169064949	0.016313373433099465
148.98651423272585	0.9788023833978352	0.0048842431690650475	0.016313373433099316
151.09095645193483	0.9788023833978352	0.004884243169065115	0.016313373433099215
153.1953985875208	0.9788023833978352	0.004884243169065247	0.016313373433099028
155.29984091822715	0.9788023833978352	0.004884243169065231	0.01631337343309905
157.4042831653105	0.9788023833978352	0.004884243169065292	0.016313373433098986
159.5087253287708	0.9788023833978353	0.004884243169065401	0.016313373433098816
161.6131676873515	0.9788023833978353	0.004884243169065365	0.016313373433098872
163.71761024105263	0.9788023833978352	0.004884243169065175	0.01631337343309914
165.8220527111307	0.9788023833978351	0.004884243169065035	0.016313373433099337
167.92649509758576	0.9788023833978351	0.004884243169064973	0.01631337343309942
170.0309372610461	0.9788023833978352	0.004884243169065084	0.01631337343309925
172.13537948025512	0.9788023833978352	0.004884243169065152	0.016313373433099153
174.23982189458454	0.9788023833978352	0.00488424316906507	0.016313373433099285
176.34426422529094	0.9788023833978352	0.00488424316906505	0.016313373433099312
178.4487064723743	0.9788023833978352	0.00488424316906511	0.01631337343309924
180.55314863583467	0.9788023833978352	0.004884243169065239	0.01631337343309906
182.65759099441541	0.9788023833978352	0.0048842431690651915	0.016313373433099115
184.76203326937315	0.9788023833978352	0.004884243169065208	0.01631337343309908
186.86647546070785	0.9788023833978352	0.004884243169065299	0.016313373433098955
188.97091756841954	0.9788023833978353	0.004884243169065461	0.01631337343309873
191.07535987125164	0.9788023833978353	0.004884243169065471	0.016313373433098705
193.17980250857588	0.9788023833978352	0.004884243169065203	0.016313373433099077
195.28424492290537	0.9788023833978352	0.004884243169065129	0.0163133734330992
197.38868711424016	0.9788023833978352	0.004884243169065235	0.016313373433099066
199.49312950069532	0.9788023833978352	0.004884243169065175	0.016313373433099135
201.59757180352747	0.9788023833978352	0.004884243169065176	0.01631337343309913
201.59757180352747	0.9788023833978352	0.004884243169065176	0.01631337343309913
201.96199278213277	0.9758667804785064	0.0048805647824040205	0.019252654739089103
202.25266379071607	0.9735354849621469	0.004873927544572782	0.0215905874932798
202.59129116297473	0.970830944501153	0.00486384129335134	0.02430521420549514
202.91906222904768	0.9682247328839643	0.0048526819606499	0.02692258515538539
203.27943099174053	0.9653724632958451	0.004839544702689043	0.029787992001465403
203.65592384772057	0.9624072017384566	0.0048253131002640465	0.032767485161278885
204.0686173810262	0.9591739097260381	0.004809438255281033	0.036016652018680435
204.51697076333235	0.9556813792333312	0.004792076818125302	0.039526543948543116
205.01580816082173	0.9518200984282084	0.0047727585339774736	0.04340714303781372
205.5740913792809	0.9475290765654717	0.004751222532232617	0.0477197009022952
206.2104830073892	0.9426765775106912	0.004726834009538217	0.052596588479770084
206.9461449915674	0.9371183059170086	0.004698882238948247	0.058182811844042656
207.81470905573184	0.930625827346977	0.004666225862712225	0.06470794679031035
208.86419820807382	0.9228807825422016	0.004627266918829707	0.07249195053896826
210.17200191306435	0.913380148844986	0.004579476403717873	0.0820403747512957
211.86345278423084	0.9013360862961342	0.004518891683593315	0.09414502202027207
214.12487023642737	0.8856528634259673	0.004440001031039202	0.1099071355429931
216.8707949388261	0.8672355641821257	0.004347357227017463	0.1284170785908564
219.59751896072635	0.8496034927968928	0.004258663114078393	0.14613784408902827
221.9928255747096	0.8346356224800467	0.00418337045729296	0.16118100706265978
224.1271010491174	0.8216964550660445	0.004118283035204487	0.1741852618987505
226.13082233256415	0.8098799757940461	0.004058843306865429	0.18606118089908796
228.1106237200702	0.7985111171349217	0.0040016552053611125	0.19748722765971669
230.12595571954057	0.7872429472355302	0.003944973504246143	0.20881207926022316
232.1940671981234	0.7759907756729055	0.003888372213902476	0.22012085211319152
234.3037776069454	0.7648281347063394	0.00383222124724018	0.23133964404642
236.43195350559736	0.7538820500885801	0.003777159596869145	0.24234079031455028
238.55845242766364	0.7432510372640653	0.0037236828381675357	0.2530252798977667
240.67346914181445	0.7329727793592172	0.003671980538265145	0.2633552401025171
242.7767596050683	0.7230354768334895	0.0036219933443864755	0.27334252982212354
244.87304302718783	0.7134052345005576	0.003573550750205791	0.283021214749236
246.96758866728197	0.7040485833187214	0.003526484391825225	0.2924249322894527
249.06378597180608	0.6949430275170648	0.0034806811059633668	0.3015762913769711
251.16268641701402	0.6860776503963428	0.0034360859777370183	0.31048626362591947
253.26371166820192	0.6774487847418884	0.0033926805607711026	0.3191585346973398
255.36567871568354	0.6690550258980132	0.0033504577905598427	0.3275945163114263
257.4675785836392	0.6608939351819926	0.0033094054009936745	0.3357966594170131
259.56890792853267	0.6529609297975043	0.003269500339984739	0.34376956986251034
261.66963102061374	0.6452497063600551	0.0032307108999336943	0.3515195827400106
261.66963102061374	0.6452497063600551	0.0032307108999336943	0.3515195827400106
261.828632613077	0.6442479603318098	0.0036026890840456815	0.352149350584144
261.95877309887845	0.6434299221621691	0.0038402906057753484	0.35272978723205495
262.10172869962037	0.6425333169043178	0.004046787255947439	0.35341989583973416
262.23836715202486	0.6416783037850131	0.004201696768103224	0.3541199994468831
262.3807546732971	0.640789388859646	0.0043282141239637415	0.35488239701638974
262.52405057294794	0.6398969561597121	0.004427100768896802	0.35567594307139055
262.67224783826356	0.6389762838321957	0.004505799271093687	0.35651791689671003
262.8244659578644	0.6380330615502102	0.004567140691704609	0.3573997977580846
262.9824068048615	0.6370569879940129	0.004614608428867423	0.3583284035771191
263.1463493260009	0.6360466397031833	0.00465049250230982	0.3593028677945063
263.3173782475726	0.6349956775450498	0.004676881292792669	0.360327441162157
263.4962039390223	0.6339001435212228	0.004695411485643129	0.36140444499313357
263.6838390901024	0.6327543061528347	0.004707472606494379	0.3625382212406705
263.8812663794807	0.6315527169278077	0.004714203795149615	0.36373307927704224
264.08966800203285	0.6302888266544662	0.004716549404252578	0.36499462394128074
264.31034692130345	0.6289554931875085	0.004715280106606966	0.36632922670588397
264.54483236145535	0.6275443757142383	0.004711016672723415	0.3677446076130378
264.7948953671861	0.6260458871169734	0.004704247267932282	0.36924986561509376
265.0626357600423	0.6244487309295682	0.0046953416127317234	0.37085592745769946
265.3505562899939	0.6227395382286843	0.004684562795692629	0.3725758989756225
265.661683201666	0.6209022582200929	0.004672076099067034	0.37442566568083946
265.99971502038585	0.6189174265359251	0.004657955472418554	0.37642461799165583
266.3692513935092	0.616761027870229	0.004642185915844996	0.37859678621392545
266.77606734987586	0.614403191928835	0.00462466348710045	0.38097214458406403
267.22756263479033	0.6118060216285236	0.004605187862691157	0.38358879050878464
267.73339675526796	0.6089205960441996	0.004583447597316919	0.38649595635848294
268.30645577299515	0.605682477099211	0.004558993062491454	0.38975852983829695
268.9643679761883	0.6020047958539363	0.0045311900318193345	0.3934640141142437
269.7320058648918	0.5977670538576668	0.004499139786605367	0.3977338063557271
270.645744025237	0.5927965767930947	0.00446154257661583	0.40274188063028876
271.76111664841403	0.5868362355091444	0.004416456183386228	0.4087473083074687
273.167269589558	0.5794862736094692	0.004360857692698461	0.4161528686978316
275.0120257125364	0.5701145597301819	0.0042899656551590405	0.42559547461465835
277.4087216870409	0.5583830647868455	0.004201223108935165	0.43741571210421853
280.0530225989129	0.5459990729746462	0.004107544726173247	0.4498933822991797
282.7760357243586	0.533832687270764	0.0040155121731557004	0.46215180055607935
285.17863937322437	0.523569907627297	0.003937879183961147	0.4724922131887409
287.303885013136	0.5148453853859537	0.003871882731736016	0.4812827318823094
289.2942042895528	0.5069644291611887	0.0038122677438826953	0.48922330309492784
291.2635140314197	0.4994327759036924	0.0037552950022174568	0.4968119290940894
293.2734902007527	0.4920091885407683	0.003699139608737784	0.5042916718504932
295.3408583494269	0.48464178717480066	0.003643409156792044	0.5117148036684066
297.45245379332334	0.47738751994150064	0.0035885344613839467	0.5190239455971147
299.5828430601476	0.4703359221004122	0.00353519283279732	0.5261288850667898
301.71045427820945	0.4635516215878908	0.0034838731669969247	0.5329645052451115
303.8252441742325	0.4570544634596221	0.003434725594058542	0.5395108109463186
305.9274578726903	0.4508304115649189	0.0033876439396394896	0.5457819444954408
308.0224440983875	0.44485189835780586	0.003342419663880524	0.5518056819783128
310.11589517689384	0.43909320413364616	0.0032988582038633103	0.5576079376624897
312.21134065894796	0.433536911849394	0.00325682780472938	0.5632062603458758
314.30976953971475	0.4281736184831833	0.003216257336566268	0.5686101241802497
316.41046173473563	0.42299864292103107	0.003177111390110163	0.573824245688858
318.5121107549085	0.41800862206793316	0.0031393645268303094	0.5788520134052357
320.613645286327	0.41319943403285764	0.0031029855680383407	0.5836975803991032
322.71455723129725	0.4085656164900612	0.003067933194731992	0.5883664503152061
324.81483801380426	0.40410074396731227	0.0030341588016379287	0.5928650972310491
326.91473946631186	0.399798103085527	0.003001611605312042	0.5972002853091603
329.014543629271	0.395651224884727	0.002970242671173533	0.6013785324440988
331.11443226342647	0.39165412404138805	0.002940006723211985	0.6054058692353993
333.21446114526634	0.3878012961381101	0.0029108621233639464	0.6092878417385252
335.31459843119956	0.3840875981601156	0.002882769967487292	0.6130296318723963
337.4147806987015	0.3805081189017654	0.0028556931049899224	0.6166361879932439
339.5149541201437	0.37705809702261384	0.0028295955189193774	0.620112307458466
341.61509213012624	0.3737328912732386	0.002804442100716335	0.6234626666260443
343.7151931993458	0.37052798631254746	0.002780198694221978	0.6266918149932298
345.81526956750224	0.36743901017053676	0.0027568322277876055	0.6298041576016749
347.9153352819885	0.36446174859410424	0.002734310822807081	0.6328039405830879
350.01539993945323	0.3615921479536572	0.0027126038157111146	0.635695248230631
352.1154668778617	0.3588263107485857	0.002691681723970704	0.6384820075274429
354.215534845477	0.35616048660744964	0.0026715161780163496	0.6411679972145333
356.3156010606605	0.35359106243114913	0.0026520798466728164	0.6437568577221774
358.41566315902816	0.35111455492191695	0.002633346380642615	0.6462520986974397
360.51572002794	0.3487276050548172	0.0026152903706848506	0.6486571045744972
362.61577152832854	0.346426974106225	0.002597887317573122	0.650975138576201
364.7158183556087	0.34420953960812084	0.0025811136014920236	0.6532093467903863
366.815861066111	0.34207229224209157	0.0025649464585430853	0.6553627612993645
368.91590049432256	0.34001233131915715	0.0025493639465515657	0.6574383047342905
371.0159370574877	0.3380268615305875	0.0025343449204889147	0.6594387935489229
373.1159708946898	0.33611318894980863	0.0025198690022291393	0.6613669420479615
375.2160017277737	0.3342687174466937	0.002505916553425013	0.6632253659998806
377.31602969582286	0.3324909444042196	0.0024924686431058198	0.6650165869526738
379.4160546597622	0.3307774579456142	0.002479507026703088	0.666743035027682
381.5160768977536	0.32912593308268867	0.0024670141169138827	0.6684070528003967
383.61609654887917	0.32753412903492973	0.0024549729634218533	0.6700108980016476
385.7161137522206	0.3259998860676961	0.002443367228979667	0.6715567467033234
387.81612864685917	0.3245211225603979	0.002432181167231389	0.6730466962723699
389.9161413718755	0.3230958321807577	0.00242139960133722	0.6744827682179043
392.0161517881938	0.3217220813399429	0.0024110079047232626	0.6758669107553331
394.1161601739724	0.3203980061048882	0.002400991977724088	0.677201001917387
396.21616666829107	0.319121810049233	0.0023913382313268334	0.6784868517194395
398.3161712711516	0.3178917617986672	0.002382033568603069	0.679726204632729
400.4161741216331	0.3167061925120559	0.0023730653656545116	0.6809207421222889
402.5161750806597	0.31556349385407806	0.0023644214562775984	0.6820720846896436
404.61617428731046	0.3144621154986336	0.0023560901130774184	0.6831817943882883
406.716171880664	0.313400563190404	0.0023480600328047996	0.6842513767767905
408.8161678607215	0.31237739678312804	0.002340320321517044	0.6852822828953542
410.9161622274844	0.3113912282085962	0.0023328604792143062	0.6862759113121888
413.0161553981846	0.3104407194079922	0.0023256703841907774	0.6872336102078164
415.1161470946691	0.3095245810267548	0.0023187402831633354	0.6881566786900812
417.21613745601564	0.3086415701495164	0.00231206077413623	0.6890463690763468
419.3161264822251	0.30779048886796867	0.002305622795568417	0.6899038883364622
421.416114312375	0.3069701825381984	0.0022994176131908867	0.69073039984861
423.51610094646594	0.3061795383266932	0.0022934368090083016	0.6915270248642977
425.61608638449866	0.3054174836410071	0.0022876722694276557	0.6922948440895644
427.7160707655502	0.30468298462683213	0.0022821161738892422	0.6930348991992779
429.8160540896211	0.3039750448661326	0.0022767609850190638	0.6937481941488476
431.9160363567119	0.30329270397200253	0.002271599437999513	0.6944356965899972
434.0160178449755	0.3026350362002226	0.002266624530066209	0.6950983392697104
436.11599813718385	0.30200114949739687	0.0022618295133087995	0.6957370209892936
438.2159776505657	0.30139018381523774	0.0022572078819176177	0.696352608302844
440.31595624604546	0.300801310371542	0.0022527533665950023	0.6969459362618623
442.41593406269936	0.300233730275075	0.0022484599241522837	0.697517809800772
444.5159111005278	0.29968667356237305	0.0022443217302241976	0.6980690047074021
446.615887359531	0.2991593981119779	0.0022403331710554994	0.6986002687169659
448.71586283970925	0.2986511886376554	0.002236488835885188	0.6991123225264587
450.8158375410629	0.2981613557180203	0.0022327835096060946	0.6996058607723729
452.91581146359215	0.297689234861251	0.0022292121656900133	0.7000815529730583
455.01578460729735	0.297234185603624	0.002225769959368536	0.7005400444370067
457.11575725033003	0.29679559058361676	0.0022224522206288288	0.7009819571957536
459.2157293926904	0.29637285482470693	0.0022192544487890475	0.7014078907265032
461.3157008953029	0.2959654048910331	0.002216172306111177	0.7018184228028549
463.4156717581677	0.2955726880535894	0.0022132016114934285	0.7022141103349164
465.5156421203606	0.29519417154536787	0.0022103383348357755	0.7025954901197956
467.61561198188167	0.2948293418905284	0.0022075785919657993	0.702963079517505
469.7155814818065	0.29447770415747954	0.002204918638988337	0.7033173772035314
471.8155503419843	0.294138781379768	0.002202354867905456	0.7036588637523258
473.91551856241523	0.2938121137905292	0.0021998838008246585	0.7039880024086455
476.0154864212502	0.29349725820704575	0.0021975020853033885	0.7043052397076501
478.1154540575646	0.2931937874961755	0.002195206490305811	0.704611006013518
480.2154213322831	0.29290129000983883	0.002192993901932664	0.7049057160882278
482.3153881063305	0.2926193689827714	0.0021908613188653084	0.7051897696983627
484.4153542406317	0.29234764199452035	0.0021888058482960045	0.705463552157183
486.5153200133373	0.292085740399803	0.002186824701618374	0.705727434898578
488.61528556352255	0.291833308903574	0.002184915191213654	0.7059817759052117
490.71525075211224	0.2915900050914572	0.0021830747268988537	0.7062269201816433
492.8152155791065	0.2913554989135424	0.002181300812021445	0.7064632002744355
494.9151800445054	0.2911294722543195	0.002179591040206301	0.7066909367054736
497.01514428738403	0.2909116184869723	0.002177943091984007	0.7069104384210431
499.1151081686674	0.290701642100956	0.0021763547319741915	0.7071220031670692
501.2150716883555	0.29049925825650413	0.0021748238055150806	0.7073259179379802
503.31503498552354	0.29030419240079086	0.0021733482357599804	0.7075224593634486
505.41499806017146	0.290116179922242	0.0021719260210626735	0.7077118940566948
507.51496091229933	0.2899349657774149	0.0021705552321547813	0.7078944789904297
509.61492354190716	0.28976030414502213	0.0021692340095286313	0.7080704618454486
511.71488594899495	0.28959195809246496	0.0021679605609147647	0.7082400813466196
513.8148481335627	0.2894296992544252	0.0021667331588506662	0.7084035675867235
515.9148099565356	0.2892733075332466	0.002165550138414452	0.7085611423283383
518.0147714179135	0.2891225707789114	0.002164409894803758	0.7087130193262842
520.1147327958465	0.28897728449371124	0.002163310881101543	0.7088594046251865
522.2146940903345	0.28883725159469303	0.0021622516064797944	0.7090004967988265
524.3146553013776	0.28870228212521337	0.002161230634017236	0.7091364872407687
526.4146162899008	0.2885721930057162	0.0021602465788142936	0.7092675604154689
528.5145769168292	0.28844680777568915	0.00215929810604094	0.7093938941182693
530.6145371821631	0.28832595634653513	0.0021583839290671473	0.709515659724397
532.7144973640519	0.2882094747647958	0.0021575028076716196	0.7096330224275319
534.8144576015708	0.28809720501439684	0.0021566535465464003	0.709746141439056
536.9144177556446	0.28798899480781615	0.002155834993717307	0.7098551701984658
539.0143776871988	0.2878846973632911	0.0021550460388583123	0.7099602565978498
541.1143373962332	0.2877841711992568	0.0021542856117364143	0.7100615431890059
543.2142970218226	0.2876872799436953	0.0021535526807694577	0.7101591673755344
545.3142564248924	0.28759389216850406	0.0021528462517737125	0.7102532615797215
547.4142156054426	0.2875038811913662	0.0021521653664646452	0.7103439534421684
549.5141747025478	0.28741712490504195	0.00215150910116557	0.7104313659937918
551.6141338552831	0.28733350561818966	0.0021508765656037434	0.7105156178162059
553.7140929245734	0.28725290990612645	0.0021502669017817674	0.710596823192091
555.814051771344	0.2871752284448909	0.002149679282722006	0.7106750922723863
557.914010395595	0.2871003558581395	0.00214911291130831	0.7107505312305514
560.0139689364012	0.28702819057514883	0.0021485670192118544	0.7108232424056385
562.113927671912	0.286958634693886	0.0021480408658553648	0.7108933244402579
564.2138861849032	0.28689159387512114	0.0021475337376130883	0.710960872387265
566.3138446144496	0.28682697717256755	0.0021470449465244294	0.7110259778809073
568.4138029605512	0.28676469693297724	0.0021465738295390548	0.711088729237483
570.5137610841331	0.2867046686764486	0.002146119747611476	0.7111492115759392
572.6137191242702	0.28664681096983236	0.0021456820847429465	0.711207506945424
574.7136770809625	0.28659104532855983	0.002145260247239329	0.7112636944242001
576.8136352323594	0.2865372960989873	0.0021448536628205987	0.7113178502381914
578.9135931612368	0.2864854903806208	0.002144461780033677	0.7113700478393449
581.0135510066693	0.28643555789485725	0.0021440840672580274	0.7114203580378841
583.1135087686571	0.28638743090778335	0.0021437200121225356	0.7114688490800934
585.2134664472	0.286341044134668	0.002143369120782823	0.7115155867445485
587.313424042298	0.2862963346514024	0.002143030917251381	0.7115606344313455
589.4133815539514	0.2862532418091426	0.0021427049427518697	0.7116040532481048
591.5133389821598	0.28621170715203825	0.002142390755096783	0.7116459020928643
593.6132966050728	0.28617167433273116	0.0021420879280479132	0.7116862377392202
595.713254144541	0.28613308905191887	0.0021417960508601642	0.7117251148972202
597.8132114614897	0.28609589897071763	0.002141514727617796	0.7117625863016638
599.9131686949936	0.2860600536378353	0.002141243576683385	0.7117987027854805
602.0131258450527	0.2860255044287499	0.002140982230238195	0.7118335133410112
604.1130829116671	0.2859922044771469	0.002140730333763425	0.7118670651890889
606.213040172986	0.285960108607171	0.0021404875455273533	0.7118994038473009
608.3129973508601	0.2859291732849723	0.002140253536219826	0.7119305731788071
610.4129544452894	0.2858993565465054	0.0021400279884051035	0.7119606154650887
612.5129113171993	0.2858706179469656	0.0021398105961398365	0.7119895714568938
614.6128681056643	0.2858429185001819	0.002139601064514157	0.7120174804353032
616.7128250888339	0.28581622062814566	0.0021393991092700307	0.7120443802625835
618.8127819885588	0.28579048811869473	0.00213920445648199	0.7120703074248225
620.9127388048388	0.2857656860654557	0.0021390168421018298	0.7120952970924417
623.0126958158233	0.28574178082112145	0.002138836011605185	0.7121193831672725
625.1126527433631	0.2857187399613622	0.002138661719719522	0.7121425983189175
627.2126094483834	0.28569653223249386	0.0021384937300274708	0.7121649740374779
629.3125663481082	0.2856751275052067	0.002138331814616284	0.7121865406801763
631.4125231643883	0.28565449674679755	0.002138175753869286	0.7122073274993324
633.5124797581489	0.28563461197275786	0.002138025336098678	0.7122273626911426
635.6124364075393	0.28561544620658846	0.0021378803572412223	0.7122466734361694
637.7123929734851	0.28559697345110796	0.0021377406206421873	0.712265285928249
639.812349455986	0.2855791686478705	0.0021376059367477305	0.7122832254153809
641.9123061331915	0.28556200764228334	0.002137476122840839	0.7123005162348749
644.0122625878774	0.28554546715877527	0.00213735100285464	0.7123171818383692
646.1122192372679	0.28552952475681503	0.0021372304070379367	0.7123332448361461
648.2121758032137	0.28551415881263204	0.0021371141718186984	0.7123487270155483
650.3121322857146	0.2854993484821957	0.0021370021395228766	0.7123636493782805
652.4120886847708	0.2854850736751716	0.0021368941581777563	0.7123780321666496
654.5120452785314	0.2854713150258798	0.0021367900812919137	0.7123918948928273
656.6120017888474	0.2854580538725238	0.0021366897676990838	0.7124052563597761
658.7119580766439	0.2854452722270712	0.002136593081329493	0.7124181346915983
660.8119142809957	0.28543295275022407	0.002136499891020401	0.7124305473587546
662.9118706800518	0.2854210787289717	0.0021364100703464037	0.7124425112006809
665.0118269956633	0.28540963405777053	0.0021363234974779385	0.7124540424447505
667.1117832278301	0.28539860321183286	0.002136240054978221	0.7124651567331879
669.2117396547012	0.28538797122634707	0.0021361596296460643	0.7124758691440058
671.3116962762768	0.2853777236790943	0.0021360821123850206	0.7124861942085197
673.4116526753331	0.28536784667126763	0.002136007398058484	0.7124961459306729
675.5116089909446	0.2853583268039349	0.0021359353853104756	0.7125057378107537
677.6115652231114	0.2853491511633203	0.0021358659764551314	0.7125149828602235
679.7115213718333	0.2853403073025953	0.002135799077338794	0.7125238936200649
681.8114777152598	0.28533178322388586	0.002135734597203574	0.7125324821789095
683.9114339752415	0.2853235673654042	0.0021356724485910162	0.7125407601860038
686.0113901517784	0.28531564858227343	0.002135612547196039	0.7125487388705295
688.1113465230197	0.28530801613161016	0.0021355548117540876	0.7125564290566347
690.2113028108163	0.28530065966100204	0.002135499163954986	0.712563841175042
692.3112588760935	0.2852935691917993	0.0021354455283157108	0.7125709852798839
694.411214857926	0.2852867351052302	0.002135393832075188	0.7125778710626935
696.5111710344629	0.2852801481299483	0.002135344005100262	0.7125845078649504
698.611127127555	0.28527379933159225	0.002135295979807564	0.7125909046885992
700.7110834153517	0.28526768009717274	0.002135249691044068	0.7125970702117822
702.8110396197036	0.28526178212675624	0.0021352050760255147	0.7126030127972173
704.9109957406107	0.28525609741969976	0.002135162074231271	0.7126087405060679
707.010951778073	0.28525061826465437	0.002135120627329078	0.7126142611080155
709.1109080102399	0.2852453372284179	0.002135080679090369	0.7126195820924907
711.210864158962	0.28524024714796237	0.0021350421753309748	0.7126247106767055
713.3108202242393	0.28523534111855425	0.002135005063820243	0.7126296538176243
715.4107762060718	0.28523061248512716	0.0021349692942161176	0.7126344182206555
717.5107323826087	0.28522605483266156	0.002134934817992057	0.7126390103493452
719.6106887538501	0.28522166197873317	0.0021349015883813044	0.7126434364328843
721.7106450416468	0.2852174279650152	0.002134869560312598	0.7126477024746709
723.8106011069241	0.2852133470482998	0.0021348386903417855	0.712651814261357
725.910556949682	0.2852094136927624	0.0021348089365932966	0.7126557773706429
728.0105129871445	0.2852056225620091	0.00213478025869964	0.7126595971792898
730.1104689411621	0.2852019685138728	0.0021347526177633754	0.7126632788683624
732.2104250898842	0.28519844659115184	0.0021347259762855724	0.7126668274325612
734.3103811551615	0.28519505201682377	0.0021347002981309286	0.7126702476850438
736.4103371369941	0.28519178018612257	0.0021346755484668222	0.7126735442654092
738.5102933135312	0.2851886266603752	0.0021346516937167234	0.7126767216459067
740.6102494066234	0.2851855871622408	0.002134628701525132	0.7126797841362327
742.7102054162709	0.2851826575686169	0.002134606540702975	0.7126827358906788
744.8101613424737	0.28517983390548746	0.002134585181188934	0.7126855809133222
746.910117463381	0.2851771123421786	0.0021345645940056565	0.7126883230638144
749.0100735008434	0.2851744891872496	0.002134544751229677	0.7126909660615194
751.1100294548611	0.28517196088237085	0.0021345256259441294	0.7126935134916836
753.2099856035833	0.28516952399756096	0.002134507192202683	0.712695968810235
755.3099416688607	0.2851671752275079	0.0021344894250027446	0.7126983353474879
757.4098976506933	0.2851649113860872	0.002134472300242963	0.7127006163136684
759.5098535490812	0.28516272940238085	0.002134455794693474	0.7127028148029243
761.6098096421734	0.28516062631623834	0.0021344398859619875	0.7127049337977983
763.7097659299702	0.28515859927483794	0.0021344245524684085	0.7127069761726923
765.8097219952476	0.28515664552889264	0.0021344097734163465	0.7127089446976896
767.9096779770803	0.2851547624279945	0.0021343955287566924	0.7127108420432475
770.0096338754681	0.28515294741770286	0.0021343817991664694	0.7127126707831294
772.1095899685605	0.28515119803571537	0.0021343685660193297	0.712714433398264
774.2095459782081	0.28514951190922677	0.0021343558113665834	0.7127161322794053
776.3095019044109	0.2851478867509938	0.00213434351790646	0.7127177697310985
778.4094580253181	0.2851463203562734	0.0021343316689609116	0.7127193479747644
780.5094140627807	0.2851448106004584	0.0021343202484587456	0.7127208691510817
782.6093700167985	0.28514335543555347	0.0021343092409079633	0.7127223353235373
784.7093258873715	0.28514195288761657	0.002134298631376736	0.7127237484810055
786.8092819526489	0.2851406010539052	0.0021342884054714956	0.712725110540622
788.9092379344817	0.28513929810083594	0.0021342785493224945	0.7127264233498404
791.0091938328696	0.2851380422609431	0.002134269049559781	0.712727688689496
793.109149925962	0.2851368318305131	0.002134259893295342	0.7127289082761904
795.2091059356096	0.2851356651677572	0.0021342510681102446	0.7127300837641314
797.3090618618124	0.28513454069008853	0.00213424256203306	0.7127312167478772
799.4090177045706	0.2851334568721448	0.0021342343635252273	0.7127323087643287
801.5089737420332	0.28513241224358316	0.0021342264614640587	0.7127333612949515
803.608929696051	0.28513140538750326	0.0021342188451317847	0.7127343757673636
805.708885566624	0.2851304349380972	0.0021342115041967837	0.7127353535577047
807.8088413537523	0.2851294995789433	0.0021342044287010246	0.7127362959923543
809.9087973355851	0.28512859804110274	0.0021341976090453367	0.7127372043498506
812.0087535121222	0.28512772910164585	0.0021341910359789053	0.7127380798623738
814.1087096052146	0.2851268915819712	0.002134184700586556	0.7127389237174409
816.2086656148623	0.2851260843459768	0.002134178594274289	0.7127397370597475
818.3086215410652	0.285125306298641	0.0021341727087588404	0.7127405209925987
820.4085776619726	0.2851245563844393	0.0021341670360554023	0.7127412765795038
822.5085336994351	0.2851238335862122	0.0021341615684700313	0.7127420048453162
824.6084895143784	0.28512313692352376	0.002134156298586414	0.7127427067778883
826.708445245877	0.28512246545129716	0.0021341512192553837	0.712743383329446
828.8084011720799	0.2851218182585913	0.0021341463235858174	0.7127440354178214
830.9083572929873	0.28512119446749395	0.0021341416049367773	0.7127446639275677
833.0083133304499	0.285120593231915	0.00213413705690837	0.7127452697111751
835.1082692844678	0.2851200137362738	0.0021341326733311586	0.7127458535903936
837.2082254331901	0.28511945519440757	0.0021341284482579103	0.712746416357333
839.3081814984677	0.2851189168487281	0.0021341243759582036	0.7127469587753122
841.4081373412259	0.28511839796899907	0.0021341204509083525	0.7127474815800912
843.5080931005394	0.28511789785132	0.0021341166677835586	0.712747985480895
845.6080490545573	0.28511741581721506	0.002134113021451184	0.7127484711613323
847.7080052032796	0.28511695121280833	0.0021341095069650003	0.7127489392802253
849.8079611294827	0.28511650340795447	0.0021341061195587823	0.7127493904724854
851.907916972241	0.28511607179517157	0.002134102854637098	0.71274982535019
854.0078730097036	0.28511565578891956	0.00213409970777031	0.7127502445033088
856.1078289637215	0.2851152548249411	0.002134096674690443	0.7127506485003672
858.2077848342948	0.2851148683593255	0.002134093751283104	0.7127510378893901
860.3077408995724	0.28511449586778087	0.002134090933581974	0.7127514131986359
862.4076968814053	0.28511413684507175	0.0021340882177655306	0.7127517749371615
864.5076527797934	0.2851137908041811	0.002134085600149762	0.7127521235956679
866.6076085947368	0.28511345727570186	0.002134083077183851	0.712752459647113
868.7075646043846	0.28511313580715847	0.0021340806454447237	0.7127527835473956
870.8075208087369	0.28511282596248105	0.002134078301633752	0.712753095735884
872.9074767905697	0.2851125273214257	0.002134076042572506	0.7127533966360006
875.0074326889579	0.2851122394788627	0.0021340738651962204	0.7127536866559399
877.1073885039013	0.2851119620443315	0.0021340717665512777	0.712753966189116
879.2073443744746	0.2851116946414726	0.002134069743790549	0.7127542356147356
881.307300161603	0.2851114369075709	0.0021340677941704507	0.7127544952982574
883.407256143436	0.2851111884929761	0.0021340659150457424	0.7127547455919769
885.5072120418242	0.2851109490607468	0.0021340641038679544	0.7127549868353841
887.6071678567677	0.2851107182860913	0.002134062358180229	0.7127552193557273
889.7071238664155	0.28511049585593323	0.0021340606756139672	0.7127554434684517
